exp_name: "wss_N10k_lr1e-3_e250"

model:
    input_dim: 3
    output_dim: 3
    head_num: 8
    hidden_dim: 192
    res: true
    slice_num: 32
    layer_num: 8
    mlp_ratio: 1.5
    dropout: 0.1

training:
    input: "x_wss"
    target: "y_wss"
    x_mean: [1.575143, -0.0188374, 0.6046101]
    x_std: [1.3669719, 0.6226963, 0.39627418]
    y_mean: [-0.5629794,   0.00254268, -0.07708319]
    y_std: [0.8068077,  0.43915394, 0.71851397]
    batch_size: 1
    epochs: 250
    lr: 0.001
    scheduler_step: 50
    scheduler_gamma: 0.5
    max_grad_norm: 0.1
    num_workers: 1
    weight_decay: 0.00000
    test_only: 0  
    gpus: "0"
    seed: 42

dataload:
    directory: "/mnt/wjc_group/mae-zhangbj/DrivAerNet_dataset/"



